40 D. BIERENS DE 111111

8881318188 11188881 18 8881811183 18818 worden tot 8888 88888188818
81118811183 188 8818888188 ; 88 881188881881881188118 wiJ'zo, 1811888-
, 1888 8888 88888188183 888 1183813388 888188181ἰῇ1 werd voorbereid niet
811888, 88888 881 88811818188138188831. (1888811 voor 888138 88388·
18111188 181 88883888 tijdperken 18883, 188 8818881118388113181181111
worden.

Wat toch is de oorsprong 188 81818818 andere (188 1818188118 888
181188 88 888188, 1888 heeft in 8118 tijden 88 18 8118188188 81818 1888 38·
888188 ; 81111888 8881188888888818888181888188183. 18,18188 8888883
888 18 388811818818188 88118188818881838118 1818811888818818388 18 de
81818818, die 818 88881 1188 1888188183, 818 88818181 888 88838111183
188888 88811888 11818, 88888 1818881888 181188 88 888188 8881813 881-
88111811 18, 188 men wel bijna 88188 zijn 883 8881813 1888188183 18 zallen

ontmoeten. 11881818 1188 8888888818111188 18881881 18888888 88 81 83888113
’ 3888118188 8888, die 818 18811881113 88188888. (1818118818 18811 men 81811
8888 1888811, 88888888 818 181 88888 men 1881 883 18818 88888188; 8881
1888181188183, was even 3881 81881 1881 8181 bestond: 18131838118188·
grip 18 188888. 181181 men op het 1881188111888] 888 888 381818181881; -
niet 888 als 881] 111 188888, o 88881 888838188111881881818188188881
1811888, om 8881888188 uit 181881188 88 81881818 die 88881811881888 888
18188 18 18888888, 1818881888· 18 (1818188, 18 8881118818 88118888,
de Μ88188888, de 0183818888. Μ888 8888881388 8188888188 318388 88818
888188, 88 1811188 18883888 81 183888 88888188 (1888 8881113888831 18188
811; 88881818 (1818188 188818188818888388 888 888 81888818 18888188 888
888 38181 18188188 8881 1818881 88888813881113188, 88188818131881888
van 8811 888 streepje 18888888 1813818188881888818111881188, 8888881111
111 38181 188 8888888 8888818118. De 3818881 8888811118818 38188118, die
beide 8111881118388 1818888118, was wel 18 8888881, 181 1811818188
8181 181 18 388818 8888188183 388881188, die 888818181888181881888181·
88188111, 18 Gobar ⁶), 88 881 18 18188181188888188 3818188188 8888811

Neophytos ⁷), 18 ἀριθμοὶ ἰνδικοὶ, 888188118 1818838188113 38118811 888
8881ὶοί88188 81 888888813881113888, waarbij 188 1888838818118 88831811888
18 8881888188 888 18 1888888188 8188818 381811811888 8881811188. 1)8818
888811888 de 818818888818 werd 183888881, 88818883 het 8181881 8118838 die

 

